Subject	Age	Gender	Handedness	WMC	CRAT	CZ.rep	CZ	Capacity	RT.left	RT.right	RT.single	RT.both	RT.left.rep	RT.right.rep	RT.single.rep	RT.both.rep	ACC.left	ACC.right	ACC.single	ACC.both	ACC.left.rep	ACC.right.rep	ACC.single.rep	ACC.both.rep	ans.left.rep	ans.right.rep	ans.single.rep	ans.both.rep
1	21	F	R	32	16	-0.037510876	0.022101044	Unlimited	5211.608247	5729.164948	5470.386598	8519.572917	5199.583756	5699.418367	5448.86514	8519.572917	0.985	0.985	0.985	0.989949749	1	0.995	0.9975	0.989949749	3	2	5	0
2	20	M	L	37	17	2.183042384	2.335491257	Super	8208.147959	8004.223404	8108.309896	12483.39796	8170.645	7887.373057	8031.531807	12483.39796	0.98	0.97	0.975	0.995	1	1	1	0.995	4	5	9	0
3	19	F	L	54	16	1.695755447	2.269139713	Super	5866.521978	5638.615819	5754.155989	8372.110526	5838.54359	5411.765625	5626.808786	8372.110526	0.93	0.905	0.9175	0.965	0.995	0.98	0.9875	0.965	13	15	28	0
4	20	F	R	43	17	-3.847096727	-1.897837628	Unlimited	4238.266129	4733.953846	4491.964567	13191.62176	3852.538462	4050.631313	3952.340967	13071.06667	0.64	0.66	0.65	0.99	1	1	1	1	71	68	139	2
5	19	M	R	19	17	0.863789549	1.357784719	Unlimited	7117.726744	7454.674286	7287.657061	11753.75773	6597.571429	7219.953368	6906.362468	11787.35714	0.88	0.905	0.8925	0.985	1	1	1	0.995	24	18	42	2
6	20	F	R	28	16	-2.366358149	-0.117797833	Unlimited	8281.358491	7337.15625	7807.777429	15363.4	6967.6875	6726.576531	6845.889175	15297.87755	0.815	0.82	0.8175	0.995	1	1	1	1	33	36	69	1
7	22	M	R	39	25	0.424959847	0.435624408	Unlimited	7243.484536	7393.304569	7318.969309	16678.07254	7207.847716	7393.304569	7300.576142	16678.07254	0.985	1	0.9925	0.985	1	1	1	0.985	3	0	3	0
8	19	F	R	37	22	-4.512985728	-3.580132003	Limited	7065.857988	6559.585227	6807.585507	15237.07216	6475.030303	6509.205128	6491.987277	15237.07216	0.855	0.905	0.88	1	1	1	1	1	29	19	48	0
9	19	F	R	26	17	-1.132080856	-1.215191642	Unlimited	8337.198953	7807.613757	8073.8	14815.03077	8303.676923	7960.954315	8131.441327	14815.03077	0.98	0.955	0.9675	0.99	1	0.995	0.9975	0.99	4	8	12	0
10	21	F	R	37	20	-0.697287328	-0.614982261	Unlimited	4703.548913	5211.877005	4959.768194	8008.989796	4714.335052	5126.243655	4921.869565	8008.989796	0.95	0.945	0.9475	1	1	0.995	0.9975	1	10	10	20	0
11	20	M	R	28	14	-0.713867109	-0.713867109	Unlimited	6539.473958	5539.14433	6036.717617	11218.31443	6539.473958	5539.14433	6036.717617	11218.31443	0.99	0.995	0.9925	0.995	0.99	0.995	0.9925	0.995	0	0	0	0
12	20	F	R	43	17	-1.935059889	-1.76767937	Unlimited	6221.834197	5921.709184	6070.614396	11022.2487	6157.908163	5899.959596	6028.279188	11005.13918	0.98	0.99	0.985	0.995	0.995	1	0.9975	1	3	2	5	1
13	24	M	R	23	18	-0.490902088	-0.084267271	Unlimited	7251.502732	6846.055249	7049.892857	10733.80952	7040.958974	6858.402062	6949.915167	10733.80952	0.935	0.925	0.93	0.965	0.995	0.99	0.9925	0.965	12	13	25	0
14	19	M	R	49	19	-3.183516627	-2.142631022	Limited	5971.572327	5822.305085	5892.940476	16877.55155	5436.760417	5718.908629	5579.647815	16842.13333	0.83	0.9	0.865	0.985	1	1	1	0.99	33	20	53	1
15	22	M	R	40	25	-0.807353453	-0.911466722	Unlimited	6581.202073	6338.074074	6460.910995	10024.15104	6597.097436	6422.842932	6510.873057	10024.15104	0.985	0.975	0.98	0.985	0.995	0.985	0.99	0.985	2	2	4	0
16	19	F	R	21	11	-0.62404869	-0.402872805	Unlimited	3406.387978	4153.396739	3780.910082	8820.855615	3340.654639	4135.520408	3740.125641	8820.855615	0.935	0.935	0.935	0.96	0.99	0.995	0.9925	0.96	11	12	23	0
17	19	F	R	51	21	-2.867044171	-2.079488411	Limited	3437.261364	2881.897143	3160.37037	5646.685864	3226.469072	2821.310881	3024.413437	5631.651042	0.9	0.905	0.9025	0.985	0.995	0.995	0.995	0.99	18	18	36	1
18	29	F	R	21	13	0.160236175	0.749127382	Unlimited	4946.255556	5219.638889	5082.947222	13160.24352	4820.700508	5115.321244	4966.5	13160.24352	0.91	0.92	0.915	0.98	0.995	0.985	0.99	0.98	17	13	30	0
19	22	F	R	37	21	4.613195895	4.516914628	Super	5288.604278	5045.336788	5165.05	5931.340206	5349.697917	5021.604061	5183.542416	5931.340206	0.965	0.98	0.9725	0.995	0.99	1	0.995	0.995	5	4	9	0
20	18	F	R	19	22	0.246816181	1.53863627	Unlimited	7839.15625	7795.256757	7818.061688	13081.73545	7601.923858	7068.231959	7337.12532	13224.3057	0.814070352	0.76	0.786967419	0.965	1	1	1	0.985	37	46	83	4
21	19	M	R	49	20	-3.807509213	-3.444878281	Limited	3606.7	3542.977528	3575.01676	6173.984536	3452.381443	3544.030612	3498.441026	6173.984536	0.925	0.905	0.915	0.99	1	0.995	0.9975	0.99	14	18	32	0
22	19	F	R	48	18	-3.15685655	-2.789238091	Limited	3297.265193	2990.159341	3143.289256	8405.661202	3226.389744	2928.06701	3077.611825	8405.661202	0.915	0.92	0.9175	0.945	0.985	0.98	0.9825	0.945	14	12	26	0
23	22	F	R	14	17	-0.292101863	-0.208047737	Unlimited	4856.127072	4779.275676	4817.281421	8147.346939	4833.128205	4748.787879	4790.636132	8147.346939	0.925	0.935	0.93	0.995	0.995	1	0.9975	0.995	14	13	27	0
24	21	F	R	33	23	-5.318449049	-4.865595685	Limited	6672.367232	6340.157609	6503.041551	15308.20725	6521.492308	6199.785714	6360.227621	15437.67526	0.905	0.94	0.9225	0.99	1	1	1	0.995	18	12	30	1
25	19	M	R	20	23	-6.562508448	-5.855055586	Limited	3207.83815	2600.550296	2907.745614	15047.09231	2991.38191	2489.035714	2742.116456	15084.4898	0.87	0.86	0.865	0.995	1	1	1	1	26	27	53	1
26	22	F	R	23	23	-4.505850887	-3.484700699	Limited	3431.236994	2877.54023	3153.590778	9336.78866	3184.911917	2694.274112	2937.076923	9263.831633	0.895	0.875	0.885	0.98	1	0.995	0.9975	0.99	20	23	43	2
27	30	F	R	25	17	-0.304755642	0.262633181	Unlimited	2668.951515	2674.550898	2671.768072	4682.896907	2597.219895	2584.530612	2590.793282	4682.896907	0.86	0.84	0.85	0.99	1	0.985	0.9925	0.99	26	29	55	0
28	27	F	R	23	15	-0.545947665	-0.358574639	Unlimited	4559.630435	4699.147368	4630.508021	6824.14433	4503.786458	4660.222222	4583.207692	6824.14433	0.95	0.96	0.955	0.995	0.99	1	0.995	0.995	8	8	16	0
29	23	F	R	20	18	2.388565258	2.525999084	Super	4012.759358	3876.994652	3944.877005	4895.244681	3981.642105	3878.742105	3930.192105	4895.244681	0.955	0.955	0.955	0.96	0.97	0.97	0.97	0.96	3	3	6	0
30	19	F	R	18	12	1.927846324	1.994647875	Super	5482.621622	5887.89011	5683.599455	7433.833333	5400.589744	5932.331633	5667.140665	7433.833333	0.94	0.915	0.9275	0.98	0.995	0.985	0.99	0.98	10	14	24	0
31	22	M	R	43	16	2.781562154	3.047038912	Super	5623.483696	5743.694737	5684.553476	8440.744792	5638.282723	5625.738693	5631.882051	8444.689119	0.945	0.955	0.95	0.985	0.98	1	0.99	0.99	7	9	16	1
32	21	F	R	25	18	1.453056759	1.41440388	Unlimited	6662.617801	6953.752577	6809.319481	11038.77835	6668.186528	6953.752577	6811.338501	11038.77835	0.99	1	0.995	0.985	1	1	1	0.985	2	0	2	0
33	35	M	L	28	15	4.532493538	4.529230562	Super	13666.1399	12315.79894	12998.03927	16754.93229	13625.06599	12238.80412	12937.2532	16675.09278	0.98	0.975	0.9775	0.99	1	1	1	1	4	5	9	2
34	20	F	L	28	21	-2.465880831	-2.49929388	Limited	7393.402116	7369.552083	7381.383202	25523.01026	7467.159794	7532.969072	7500.064433	25523.01026	0.974874372	0.99	0.98245614	0.995	1	1	1	0.995	5	2	7	0
35	23	F	R	42	17	-1.604965908	-1.848071471	Unlimited	5438.393782	5000.957895	5221.389034	10910.40404	5412.462312	5001.263959	5207.901515	10863.72362	0.97	0.965	0.9675	0.995	1	1	1	1	6	7	13	1
36	32	M	R	24	18	-0.949834977	-1.108135681	Unlimited	10142.41667	8579.884615	9382.040107	19101.79532	10315.10606	8514.713542	9428.758974	18949.34104	0.97	0.945	0.9575	0.86	1	0.995	0.9975	0.87	6	10	16	2
37	26	M	L	49	15	2.303460162	2.33615132	Super	12536.65979	12405.72959	12470.85897	21677.57143	12499.41837	12361.52792	12430.29771	21677.57143	0.99	0.99	0.99	0.995	1	1	1	0.995	2	1	3	0
38	23	M	R	34	17	-0.070957156	0.007442639	Unlimited	8654.802083	8681.994792	8668.398438	16661.30928	8473.90404	8706.783505	8589.155612	16535.14286	0.97	0.99	0.98	0.99	1	1	1	1	6	2	8	2
39	25	M	R	32	17	2.241267111	2.313412928	Super	2166.25	1623.153005	1898.361186	5126.438144	2162.489796	1561.497487	1859.711392	5126.438144	0.95	0.92	0.935	0.99	0.99	1	0.995	0.99	8	16	24	0
40	25	M	R	43	14	-4.133634036	-2.520978283	Limited	11084.11039	14062.61875	12601.82166	32868.14213	10494.17347	12669.89899	11587.55838	32868.14213	0.79	0.81	0.8	1	1	1	1	1	42	38	80	0
41	23	M	R	23	17	-5.624768678	-5.405493749	Limited	5706.416185	5995.771429	5851.925287	16046.55897	5565.782828	6071.082902	5815.202046	16046.55897	0.875	0.905	0.89	1	1	1	1	1	25	18	43	0
42	24	M	R	24	21	-1.047020408	-0.178713132	Unlimited	6863.340909	6734.736842	6799.965418	14524.96373	6591.299492	6486.373684	6539.78553	14468.13402	0.895	0.9	0.8975	0.995	1	0.995	0.9975	1	21	19	40	1
43	25	M	R	32	16	2.749626256	2.840690727	Super	7993.016216	8395.707447	8195.981233	12252.08629	7987.134021	8179.215385	8083.421594	12252.08629	0.95	0.96	0.955	1	0.995	1	0.9975	1	9	7	16	0
44	26	M	R	34	15	2.937126697	2.956722434	Super	9443.963918	10610.63959	10031.77749	15112.06186	9400.52551	10586.65152	9996.598985	15112.06186	0.99	0.995	0.9925	0.995	1	1	1	0.995	2	1	3	0
45	25	M	R	31	21	-2.850390879	-2.894550993	Limited	3669.088542	3787.15625	3728.122396	5808.0625	3660.169231	3847.295918	3753.971867	5795.71134	0.985	0.98	0.9825	0.99	1	1	1	1	3	4	7	2
46	25	M	R	12	20	-3.956581931	-3.579908171	Limited	3854.373626	3365.164835	3609.769231	8903.526042	3720.353846	3303.112245	3511.199488	8868.440415	0.925	0.92	0.9225	0.985	0.99	0.99	0.99	0.99	13	14	27	1
