-10.3326056922814
-6.67827002910942
-10.3355638179313
-9.71278710497183
-5.19112388588149
-9.24475501279658
-9.80705343418057
-11.7141717355555
-9.20514879441897
-8.12348978699018
-8.88300126615854
-8.08116904016054
-11.5250167692406
-10.1843528295235
-8.5174994918722
-7.74490806153502
-7.79298303617386
-8.43233818573454
-9.47883063273584
-6.10174670772234
-9.53467917081887
-8.66990706821375
-9.96197482970197
-8.93590509747504
-15.4856155534077
-10.2161177310591
-6.36725165876785
-8.9530869808849
-8.30013800473247
-11.1480037501847
-10.0905405983638
-8.05042921851902
-9.40639607757492
-9.78651140261214
-14.9751069678145
-7.51648628102065
-9.83239851172187
-7.22742473982095
-11.3044892013096
-11.3428221703842
-9.75015379757025
-8.91918682757116
-9.68860170954219
-7.18340304535615
-10.1430044427657
